a <- c(2,3,4)
a
